15 0.284404 0.524733 0.400537 0.164558
15 0.251064 0.351635 0.396088 0.214382
3 0.688055 0.289451 0.194512 0.265845
15 0.434718 0.141678 0.297959 0.282075
15 0.689669 0.292809 0.201946 0.266203
15 0.631709 0.857804 0.329061 0.276837
15 0.764974 0.782247 0.246726 0.27304
15 0.646631 0.0973102 0.259172 0.191274
3 0.648371 0.0988693 0.25756 0.196852
3 0.289794 0.521729 0.400783 0.15738
15 0.898461 0.436849 0.200401 0.167643
3 0.76199 0.781856 0.24272 0.266334
15 0.568363 0.858284 0.199125 0.267585
15 0.62602 0.601601 0.114318 0.116883
15 0.284404 0.524733 0.400537 0.164558
15 0.251064 0.351635 0.396088 0.214382
3 0.688055 0.289451 0.194512 0.265845
15 0.434718 0.141678 0.297959 0.282075
15 0.689669 0.292809 0.201946 0.266203
15 0.631709 0.857804 0.329061 0.276837
15 0.764974 0.782247 0.246726 0.27304
15 0.646631 0.0973102 0.259172 0.191274
3 0.648371 0.0988693 0.25756 0.196852
3 0.289794 0.521729 0.400783 0.15738
15 0.898461 0.436849 0.200401 0.167643
3 0.76199 0.781856 0.24272 0.266334
15 0.568363 0.858284 0.199125 0.267585
15 0.62602 0.601601 0.114318 0.116883
