25 0.432137 0.39125 0.271425 0.187382
25 0.304848 0.548648 0.291702 0.168015
25 0.716545 0.650576 0.401305 0.21024
25 0.632127 0.523747 0.305559 0.126673
25 0.482745 0.157826 0.205573 0.315651
25 0.76608 0.488999 0.1645 0.142299
26 0.467614 0.858734 0.285216 0.17979
25 0.432137 0.39125 0.271425 0.187382
25 0.304848 0.548648 0.291702 0.168015
25 0.716545 0.650576 0.401305 0.21024
25 0.632127 0.523747 0.305559 0.126673
25 0.482745 0.157826 0.205573 0.315651
25 0.76608 0.488999 0.1645 0.142299
26 0.467614 0.858734 0.285216 0.17979
