21 0.738444 0.391292 0.296822 0.16283
21 0.304616 0.544182 0.365516 0.193706
21 0.705293 0.51599 0.398619 0.15608
21 0.441955 0.44815 0.139108 0.0768425
21 0.45543 0.765324 0.291346 0.358546
21 0.346627 0.319585 0.382519 0.14956
21 0.754271 0.189674 0.294906 0.161514
25 0.751139 0.193158 0.292455 0.154976
21 0.738444 0.391292 0.296822 0.16283
21 0.304616 0.544182 0.365516 0.193706
21 0.705293 0.51599 0.398619 0.15608
21 0.441955 0.44815 0.139108 0.0768425
21 0.45543 0.765324 0.291346 0.358546
21 0.346627 0.319585 0.382519 0.14956
21 0.754271 0.189674 0.294906 0.161514
25 0.751139 0.193158 0.292455 0.154976
